1710927481606 9.191597938537598 0
1710927482128 9.185830116271973 1
1710927482665 9.192255973815918 2
1710927483271 9.18408489227295 3
1710927483802 9.160457611083984 4
1710927484366 9.16607666015625 5
1710927484901 9.156250953674316 6
1710927485476 9.154296875 7
1710927485990 9.145206451416016 8
1710927486530 9.143064498901367 9
1710927487055 9.127250671386719 10
1710927487650 9.131377220153809 11
1710927488158 9.127599716186523 12
1710927488692 9.12767219543457 13
1710927489219 9.105259895324707 14
1710927489810 9.101774215698242 15
1710927490308 9.097704887390137 16
1710927490830 9.08521556854248 17
1710927491357 9.080348014831543 18
1710927491930 9.07547378540039 19
1710927493747 9.078226089477539 20
1710927494314 9.089049339294434 21
1710927494904 9.0603609085083 22
1710927495450 9.064751625061035 23
1710927495972 9.042903900146484 24
1710927496477 9.054900169372559 25
1710927496982 9.023199081420898 26
1710927497537 9.023494720458984 27
1710927498106 9.021842002868652 28
1710927498671 9.011944770812988 29
1710927499220 9.016393661499023 30
1710927499811 9.016192436218262 31
1710927500386 9.001784324645996 32
1710927500891 8.98598575592041 33
1710927501435 8.971611022949219 34
1710927501976 8.969717979431152 35
1710927502552 8.96969985961914 36
1710927503101 8.952807426452637 37
1710927503675 8.96105670928955 38
1710927504211 8.936670303344727 39
1710927506031 8.928909301757812 40
1710927506614 8.919197082519531 41
1710927507173 8.910263061523438 42
1710927507753 8.907498359680176 43
1710927508321 8.884275436401367 44
1710927508910 8.89406681060791 45
1710927509415 8.890336036682129 46
1710927509928 8.866538047790527 47
1710927510442 8.849279403686523 48
1710927511033 8.869956016540527 49
1710927511600 8.863764762878418 50
1710927512149 8.838472366333008 51
1710927512710 8.84036636352539 52
1710927513298 8.816466331481934 53
1710927513878 8.82288932800293 54
1710927514386 8.792876243591309 55
1710927514941 8.788039207458496 56
1710927515492 8.803094863891602 57
1710927516037 8.754149436950684 58
1710927516593 8.773821830749512 59
1710927518413 8.750804901123047 60
1710927519010 8.73375415802002 61
1710927519554 8.722394943237305 62
1710927520135 8.743124008178711 63
1710927520737 8.743098258972168 64
1710927521287 8.693360328674316 65
1710927521840 8.70279598236084 66
1710927522365 8.695084571838379 67
1710927522871 8.669227600097656 68
1710927523384 8.653462409973145 69
1710927523947 8.684046745300293 70
1710927524513 8.616522789001465 71
1710927525062 8.598134994506836 72
1710927525569 8.6389799118042 73
1710927526102 8.617280960083008 74
1710927526607 8.621214866638184 75
1710927527158 8.591302871704102 76
1710927527743 8.550555229187012 77
1710927528312 8.530111312866211 78
1710927528862 8.528971672058105 79
1710927530682 8.514312744140625 80
1710927531253 8.546392440795898 81
1710927531807 8.497271537780762 82
1710927532302 8.511137008666992 83
1710927532799 8.494976043701172 84
1710927533327 8.476934432983398 85
1710927533927 8.493268013000488 86
1710927534507 8.433162689208984 87
1710927535049 8.382340431213379 88
1710927535596 8.406407356262207 89
1710927536127 8.385659217834473 90
1710927536638 8.400883674621582 91
1710927537219 8.394020080566406 92
1710927537727 8.397697448730469 93
1710927538273 8.380406379699707 94
1710927538827 8.423904418945312 95
1710927539402 8.331805229187012 96
1710927539938 8.307723999023438 97
1710927540468 8.289902687072754 98
1710927540972 8.295248985290527 99
1710927542854 8.238241195678711 100
