1710927199302 9.184688568115234 0
1710927199824 9.17113208770752 1
1710927200404 9.170341491699219 2
1710927200932 9.163768768310547 3
1710927201450 9.142572402954102 4
1710927201967 9.146583557128906 5
1710927202542 9.135251998901367 6
1710927203073 9.137843132019043 7
1710927203615 9.133177757263184 8
1710927204160 9.120218276977539 9
1710927204738 9.116764068603516 10
1710927205269 9.108171463012695 11
1710927205786 9.109098434448242 12
1710927206320 9.101295471191406 13
1710927206920 9.093948364257812 14
1710927207450 9.09373950958252 15
1710927207998 9.08652114868164 16
1710927208533 9.076318740844727 17
1710927209196 9.066998481750488 18
1710927209831 9.070219993591309 19
1710927211710 9.054194450378418 20
1710927212299 9.05532169342041 21
1710927212853 9.036216735839844 22
1710927213372 9.029876708984375 23
1710927213915 9.01290512084961 24
1710927214446 9.013689994812012 25
1710927215188 9.018950462341309 26
1710927215926 9.022340774536133 27
1710927216628 9.00626277923584 28
1710927217339 9.001879692077637 29
1710927217978 8.983040809631348 30
1710927218708 8.993620872497559 31
1710927219437 8.983772277832031 32
1710927220201 8.97119426727295 33
1710927220956 8.981715202331543 34
1710927221707 8.960539817810059 35
1710927222425 8.947505950927734 36
1710927223180 8.936293601989746 37
1710927223921 8.945981979370117 38
1710927224678 8.930010795593262 39
1710927226728 8.920807838439941 40
1710927227458 8.914568901062012 41
1710927228166 8.911237716674805 42
1710927228746 8.907514572143555 43
1710927229300 8.889798164367676 44
1710927229897 8.895333290100098 45
1710927230452 8.871695518493652 46
1710927231083 8.865345001220703 47
1710927231660 8.864078521728516 48
1710927232176 8.830978393554688 49
1710927232694 8.83537769317627 50
1710927233320 8.825751304626465 51
1710927233859 8.809953689575195 52
1710927234417 8.816643714904785 53
1710927235161 8.796327590942383 54
1710927235850 8.819547653198242 55
1710927236660 8.778128623962402 56
1710927237482 8.75956916809082 57
1710927238203 8.804694175720215 58
1710927238959 8.751344680786133 59
1710927241018 8.76796817779541 60
1710927241530 8.72718620300293 61
1710927242110 8.727182388305664 62
1710927242633 8.732758522033691 63
1710927243165 8.69270133972168 64
1710927243743 8.688063621520996 65
1710927244378 8.669461250305176 66
1710927244923 8.678945541381836 67
1710927245445 8.63347053527832 68
1710927245968 8.614581108093262 69
1710927246525 8.63155746459961 70
1710927247021 8.654582977294922 71
1710927247533 8.624992370605469 72
1710927248070 8.592178344726562 73
1710927248644 8.548108100891113 74
1710927249208 8.542131423950195 75
1710927249785 8.586350440979004 76
1710927250366 8.526156425476074 77
1710927250884 8.571648597717285 78
1710927251406 8.555085182189941 79
1710927253230 8.536784172058105 80
1710927253800 8.57139778137207 81
1710927254393 8.461276054382324 82
1710927254947 8.512910842895508 83
1710927255483 8.51657485961914 84
1710927256016 8.461692810058594 85
1710927256581 8.436177253723145 86
1710927257208 8.469036102294922 87
1710927257730 8.469414710998535 88
1710927258254 8.395431518554688 89
1710927258783 8.361614227294922 90
1710927259349 8.36190414428711 91
1710927259861 8.363178253173828 92
1710927260387 8.36941909790039 93
1710927260901 8.342700958251953 94
1710927261515 8.346064567565918 95
1710927262235 8.395994186401367 96
1710927263021 8.330946922302246 97
1710927263784 8.318448066711426 98
1710927264588 8.310770034790039 99
1710927266620 8.268797874450684 100
