1710927199303 9.184688568115234 0
1710927199827 9.17113208770752 1
1710927200407 9.170341491699219 2
1710927200935 9.163768768310547 3
1710927201452 9.142572402954102 4
1710927201970 9.146583557128906 5
1710927202544 9.135251998901367 6
1710927203075 9.137843132019043 7
1710927203617 9.133177757263184 8
1710927204162 9.120218276977539 9
1710927204740 9.116764068603516 10
1710927205272 9.108171463012695 11
1710927205790 9.109098434448242 12
1710927206322 9.101295471191406 13
1710927206922 9.093948364257812 14
1710927207453 9.09373950958252 15
1710927207999 9.08652114868164 16
1710927208535 9.076318740844727 17
1710927209199 9.066998481750488 18
1710927209834 9.070219993591309 19
1710927211712 9.054194450378418 20
1710927212300 9.05532169342041 21
1710927212855 9.036216735839844 22
1710927213374 9.029876708984375 23
1710927213917 9.01290512084961 24
1710927214450 9.013689994812012 25
1710927215191 9.018950462341309 26
1710927215929 9.022340774536133 27
1710927216631 9.00626277923584 28
1710927217341 9.001879692077637 29
1710927217982 8.983040809631348 30
1710927218712 8.993620872497559 31
1710927219440 8.983772277832031 32
1710927220205 8.97119426727295 33
1710927220959 8.981715202331543 34
1710927221710 8.960539817810059 35
1710927222428 8.947505950927734 36
1710927223182 8.936293601989746 37
1710927223923 8.945981979370117 38
1710927224681 8.930010795593262 39
1710927226731 8.920807838439941 40
1710927227461 8.914568901062012 41
1710927228168 8.911237716674805 42
1710927228749 8.907514572143555 43
1710927229302 8.889798164367676 44
1710927229900 8.895333290100098 45
1710927230455 8.871695518493652 46
1710927231085 8.865345001220703 47
1710927231662 8.864078521728516 48
1710927232178 8.830978393554688 49
1710927232696 8.83537769317627 50
1710927233322 8.825751304626465 51
1710927233862 8.809953689575195 52
1710927234421 8.816643714904785 53
1710927235164 8.796327590942383 54
1710927235853 8.819547653198242 55
1710927236663 8.778128623962402 56
1710927237485 8.75956916809082 57
1710927238206 8.804694175720215 58
1710927238962 8.751344680786133 59
1710927241020 8.76796817779541 60
1710927241533 8.72718620300293 61
1710927242113 8.727182388305664 62
1710927242635 8.732758522033691 63
1710927243167 8.69270133972168 64
1710927243745 8.688063621520996 65
1710927244380 8.669461250305176 66
1710927244926 8.678945541381836 67
1710927245447 8.63347053527832 68
1710927245970 8.614581108093262 69
1710927246527 8.63155746459961 70
1710927247023 8.654582977294922 71
1710927247536 8.624992370605469 72
1710927248073 8.592178344726562 73
1710927248646 8.548108100891113 74
1710927249210 8.542131423950195 75
1710927249787 8.586350440979004 76
1710927250368 8.526156425476074 77
1710927250886 8.571648597717285 78
1710927251409 8.555085182189941 79
1710927253232 8.536784172058105 80
1710927253802 8.57139778137207 81
1710927254395 8.461276054382324 82
1710927254950 8.512910842895508 83
1710927255485 8.51657485961914 84
1710927256019 8.461692810058594 85
1710927256583 8.436177253723145 86
1710927257211 8.469036102294922 87
1710927257733 8.469414710998535 88
1710927258257 8.395431518554688 89
1710927258786 8.361614227294922 90
1710927259352 8.36190414428711 91
1710927259863 8.363178253173828 92
1710927260388 8.36941909790039 93
1710927260904 8.342700958251953 94
1710927261518 8.346064567565918 95
1710927262240 8.395994186401367 96
1710927263024 8.330946922302246 97
1710927263787 8.318448066711426 98
1710927264590 8.310770034790039 99
1710927266623 8.268797874450684 100
