1710929764837 9.211128234863281 0
1710929765107 9.196959495544434 1
1710929765376 9.186904907226562 2
1710929765643 9.20129680633545 3
1710929765925 9.183971405029297 4
1710929766192 9.17341136932373 5
1710929766470 9.177733421325684 6
1710929766732 9.174537658691406 7
1710929766994 9.164125442504883 8
1710929767274 9.160189628601074 9
1710929767538 9.15883731842041 10
1710929767808 9.164955139160156 11
1710929768077 9.157649040222168 12
1710929768338 9.152342796325684 13
1710929768597 9.145751953125 14
1710929768857 9.136703491210938 15
1710929769120 9.14037799835205 16
1710929769387 9.141424179077148 17
1710929769666 9.132877349853516 18
1710929769930 9.116903305053711 19
1710929771392 9.130833625793457 20
1710929771660 9.12212085723877 21
1710929771933 9.12965202331543 22
1710929772295 9.110860824584961 23
1710929772688 9.131665229797363 24
1710929773002 9.120290756225586 25
1710929773269 9.093716621398926 26
1710929773535 9.09797191619873 27
1710929773791 9.089341163635254 28
1710929774055 9.089025497436523 29
1710929774320 9.085739135742188 30
1710929774580 9.093544006347656 31
1710929774861 9.081570625305176 32
1710929775122 9.078908920288086 33
1710929775420 9.073503494262695 34
1710929775741 9.07053279876709 35
1710929776020 9.065908432006836 36
1710929776295 9.086771965026855 37
1710929776563 9.053178787231445 38
1710929776823 9.043132781982422 39
1710929778315 9.049056053161621 40
1710929778580 9.0324068069458 41
1710929778834 9.021801948547363 42
1710929779091 9.021259307861328 43
1710929779361 9.023560523986816 44
1710929779620 9.034329414367676 45
1710929779881 9.0228853225708 46
1710929780139 9.02386474609375 47
1710929780407 8.986186981201172 48
1710929780665 9.007144927978516 49
1710929780926 9.008445739746094 50
1710929781194 8.980951309204102 51
1710929781462 8.980696678161621 52
1710929781737 8.994699478149414 53
1710929782006 8.972148895263672 54
1710929782280 8.988865852355957 55
1710929782549 8.949583053588867 56
1710929782821 8.971725463867188 57
1710929783092 8.985638618469238 58
1710929783358 8.943181037902832 59
1710929784821 8.958967208862305 60
1710929785091 8.931486129760742 61
1710929785365 8.944058418273926 62
1710929785618 8.928800582885742 63
1710929785880 8.923897743225098 64
1710929786154 8.928075790405273 65
1710929786451 8.935133934020996 66
1710929786715 8.909347534179688 67
1710929786982 8.903254508972168 68
1710929787258 8.90243148803711 69
1710929787514 8.89649772644043 70
1710929787772 8.925917625427246 71
1710929788028 8.865450859069824 72
1710929788294 8.86876392364502 73
1710929788562 8.87641716003418 74
1710929788823 8.904460906982422 75
1710929789078 8.841813087463379 76
1710929789340 8.874879837036133 77
1710929789606 8.836563110351562 78
1710929789873 8.88431167602539 79
1710929791328 8.857760429382324 80
1710929791615 8.828889846801758 81
1710929791883 8.834429740905762 82
1710929792140 8.787217140197754 83
1710929792407 8.847405433654785 84
1710929792688 8.848814010620117 85
1710929792944 8.809517860412598 86
1710929793204 8.826560020446777 87
1710929793471 8.830280303955078 88
1710929793723 8.747422218322754 89
1710929793980 8.748308181762695 90
1710929794238 8.787837028503418 91
1710929794495 8.739680290222168 92
1710929794755 8.775585174560547 93
1710929795024 8.742583274841309 94
1710929795282 8.741388320922852 95
1710929795553 8.771040916442871 96
1710929795816 8.74952220916748 97
1710929796078 8.747344017028809 98
1710929796363 8.742338180541992 99
1710929797824 8.730267524719238 100
