1710929764839 9.211128234863281 0
1710929765109 9.196959495544434 1
1710929765377 9.186904907226562 2
1710929765645 9.20129680633545 3
1710929765927 9.183971405029297 4
1710929766194 9.17341136932373 5
1710929766471 9.177733421325684 6
1710929766734 9.174537658691406 7
1710929766996 9.164125442504883 8
1710929767276 9.160189628601074 9
1710929767540 9.15883731842041 10
1710929767810 9.164955139160156 11
1710929768078 9.157649040222168 12
1710929768339 9.152342796325684 13
1710929768599 9.145751953125 14
1710929768859 9.136703491210938 15
1710929769121 9.14037799835205 16
1710929769388 9.141424179077148 17
1710929769668 9.132877349853516 18
1710929769932 9.116903305053711 19
1710929771394 9.130833625793457 20
1710929771662 9.12212085723877 21
1710929771935 9.12965202331543 22
1710929772297 9.110860824584961 23
1710929772690 9.131665229797363 24
1710929773004 9.120290756225586 25
1710929773271 9.093716621398926 26
1710929773537 9.09797191619873 27
1710929773793 9.089341163635254 28
1710929774057 9.089025497436523 29
1710929774322 9.085739135742188 30
1710929774582 9.093544006347656 31
1710929774863 9.081570625305176 32
1710929775123 9.078908920288086 33
1710929775422 9.073503494262695 34
1710929775743 9.07053279876709 35
1710929776021 9.065908432006836 36
1710929776297 9.086771965026855 37
1710929776564 9.053178787231445 38
1710929776824 9.043132781982422 39
1710929778316 9.049056053161621 40
1710929778581 9.0324068069458 41
1710929778835 9.021801948547363 42
1710929779092 9.021259307861328 43
1710929779363 9.023560523986816 44
1710929779622 9.034329414367676 45
1710929779882 9.0228853225708 46
1710929780141 9.02386474609375 47
1710929780408 8.986186981201172 48
1710929780668 9.007144927978516 49
1710929780927 9.008445739746094 50
1710929781196 8.980951309204102 51
1710929781464 8.980696678161621 52
1710929781738 8.994699478149414 53
1710929782007 8.972148895263672 54
1710929782282 8.988865852355957 55
1710929782551 8.949583053588867 56
1710929782823 8.971725463867188 57
1710929783093 8.985638618469238 58
1710929783359 8.943181037902832 59
1710929784822 8.958967208862305 60
1710929785093 8.931486129760742 61
1710929785367 8.944058418273926 62
1710929785620 8.928800582885742 63
1710929785881 8.923897743225098 64
1710929786155 8.928075790405273 65
1710929786453 8.935133934020996 66
1710929786717 8.909347534179688 67
1710929786983 8.903254508972168 68
1710929787259 8.90243148803711 69
1710929787516 8.89649772644043 70
1710929787774 8.925917625427246 71
1710929788030 8.865450859069824 72
1710929788296 8.86876392364502 73
1710929788564 8.87641716003418 74
1710929788825 8.904460906982422 75
1710929789079 8.841813087463379 76
1710929789341 8.874879837036133 77
1710929789607 8.836563110351562 78
1710929789874 8.88431167602539 79
1710929791330 8.857760429382324 80
1710929791617 8.828889846801758 81
1710929791885 8.834429740905762 82
1710929792142 8.787217140197754 83
1710929792408 8.847405433654785 84
1710929792690 8.848814010620117 85
1710929792946 8.809517860412598 86
1710929793206 8.826560020446777 87
1710929793473 8.830280303955078 88
1710929793725 8.747422218322754 89
1710929793981 8.748308181762695 90
1710929794240 8.787837028503418 91
1710929794497 8.739680290222168 92
1710929794757 8.775585174560547 93
1710929795025 8.742583274841309 94
1710929795284 8.741388320922852 95
1710929795555 8.771040916442871 96
1710929795818 8.74952220916748 97
1710929796079 8.747344017028809 98
1710929796364 8.742338180541992 99
1710929797826 8.730267524719238 100
