1710928146101 9.214914321899414 0
1710928146369 9.194795608520508 1
1710928146631 9.193988800048828 2
1710928146893 9.190933227539062 3
1710928147153 9.180932998657227 4
1710928147417 9.177775382995605 5
1710928147679 9.16728401184082 6
1710928147939 9.15415096282959 7
1710928148207 9.167963027954102 8
1710928148476 9.160626411437988 9
1710928148741 9.156023979187012 10
1710928149003 9.14641284942627 11
1710928149263 9.151103019714355 12
1710928149524 9.159567832946777 13
1710928149792 9.139796257019043 14
1710928150054 9.138505935668945 15
1710928150319 9.150827407836914 16
1710928150580 9.128236770629883 17
1710928150844 9.124040603637695 18
1710928151105 9.122574806213379 19
1710928152566 9.121329307556152 20
1710928152832 9.114012718200684 21
1710928153091 9.099152565002441 22
1710928153356 9.091329574584961 23
1710928153616 9.102961540222168 24
1710928153877 9.080493927001953 25
1710928154136 9.097671508789062 26
1710928154395 9.09306812286377 27
1710928154659 9.076440811157227 28
1710928154920 9.090648651123047 29
1710928155178 9.093024253845215 30
1710928155432 9.052111625671387 31
1710928155694 9.068819999694824 32
1710928155953 9.063984870910645 33
1710928156213 9.065021514892578 34
1710928156479 9.060185432434082 35
1710928156739 9.064818382263184 36
1710928156999 9.03946590423584 37
1710928157259 9.05684757232666 38
1710928157516 9.04129695892334 39
1710928158983 9.039321899414062 40
1710928159245 9.047029495239258 41
1710928159509 9.038915634155273 42
1710928159765 9.025946617126465 43
1710928160020 9.0169038772583 44
1710928160275 9.034676551818848 45
1710928160531 9.012715339660645 46
1710928160788 9.014518737792969 47
1710928161046 8.995065689086914 48
1710928161301 9.000286102294922 49
1710928161561 9.006451606750488 50
1710928161818 8.987491607666016 51
1710928162076 8.988719940185547 52
1710928162330 8.990235328674316 53
1710928162589 8.978866577148438 54
1710928162844 8.968365669250488 55
1710928163118 8.976190567016602 56
1710928163381 8.967767715454102 57
1710928163661 8.952191352844238 58
1710928163927 8.950081825256348 59
1710928165385 8.946948051452637 60
1710928165648 8.942402839660645 61
1710928165909 8.942880630493164 62
1710928166179 8.935285568237305 63
1710928166442 8.921714782714844 64
1710928166701 8.92274284362793 65
1710928166966 8.906522750854492 66
1710928167238 8.939067840576172 67
1710928167520 8.939582824707031 68
1710928167805 8.89474105834961 69
1710928168192 8.882648468017578 70
1710928168554 8.892115592956543 71
1710928168840 8.894305229187012 72
1710928169113 8.88542366027832 73
1710928169396 8.88289737701416 74
1710928169677 8.827754020690918 75
1710928169948 8.87679386138916 76
1710928170220 8.881221771240234 77
1710928170482 8.83420181274414 78
1710928170752 8.846790313720703 79
1710928172220 8.820277214050293 80
1710928172520 8.841692924499512 81
1710928172799 8.85993766784668 82
1710928173069 8.844465255737305 83
1710928173333 8.836265563964844 84
1710928173596 8.807207107543945 85
1710928173859 8.807605743408203 86
1710928174120 8.76798152923584 87
1710928174385 8.799104690551758 88
1710928174657 8.8018217086792 89
1710928174917 8.746232986450195 90
1710928175192 8.771234512329102 91
1710928175456 8.776142120361328 92
1710928175721 8.735374450683594 93
1710928175994 8.760334014892578 94
1710928176281 8.723316192626953 95
1710928176549 8.752135276794434 96
1710928176813 8.751909255981445 97
1710928177077 8.746342658996582 98
1710928177347 8.721899032592773 99
1710928178830 8.680088996887207 100
