1710928146102 9.214914321899414 0
1710928146371 9.194795608520508 1
1710928146632 9.193988800048828 2
1710928146895 9.190933227539062 3
1710928147154 9.180932998657227 4
1710928147419 9.177775382995605 5
1710928147680 9.16728401184082 6
1710928147940 9.15415096282959 7
1710928148209 9.167963027954102 8
1710928148478 9.160626411437988 9
1710928148743 9.156023979187012 10
1710928149005 9.14641284942627 11
1710928149264 9.151103019714355 12
1710928149526 9.159567832946777 13
1710928149793 9.139796257019043 14
1710928150056 9.138505935668945 15
1710928150320 9.150827407836914 16
1710928150582 9.128236770629883 17
1710928150846 9.124040603637695 18
1710928151107 9.122574806213379 19
1710928152567 9.121329307556152 20
1710928152833 9.114012718200684 21
1710928153093 9.099152565002441 22
1710928153358 9.091329574584961 23
1710928153617 9.102961540222168 24
1710928153879 9.080493927001953 25
1710928154138 9.097671508789062 26
1710928154397 9.09306812286377 27
1710928154661 9.076440811157227 28
1710928154921 9.090648651123047 29
1710928155180 9.093024253845215 30
1710928155434 9.052111625671387 31
1710928155695 9.068819999694824 32
1710928155954 9.063984870910645 33
1710928156215 9.065021514892578 34
1710928156480 9.060185432434082 35
1710928156741 9.064818382263184 36
1710928157001 9.03946590423584 37
1710928157261 9.05684757232666 38
1710928157518 9.04129695892334 39
1710928158985 9.039321899414062 40
1710928159247 9.047029495239258 41
1710928159511 9.038915634155273 42
1710928159766 9.025946617126465 43
1710928160022 9.0169038772583 44
1710928160277 9.034676551818848 45
1710928160532 9.012715339660645 46
1710928160790 9.014518737792969 47
1710928161047 8.995065689086914 48
1710928161303 9.000286102294922 49
1710928161562 9.006451606750488 50
1710928161819 8.987491607666016 51
1710928162078 8.988719940185547 52
1710928162332 8.990235328674316 53
1710928162590 8.978866577148438 54
1710928162846 8.968365669250488 55
1710928163120 8.976190567016602 56
1710928163382 8.967767715454102 57
1710928163662 8.952191352844238 58
1710928163928 8.950081825256348 59
1710928165386 8.946948051452637 60
1710928165650 8.942402839660645 61
1710928165910 8.942880630493164 62
1710928166181 8.935285568237305 63
1710928166443 8.921714782714844 64
1710928166704 8.92274284362793 65
1710928166967 8.906522750854492 66
1710928167240 8.939067840576172 67
1710928167521 8.939582824707031 68
1710928167807 8.89474105834961 69
1710928168194 8.882648468017578 70
1710928168556 8.892115592956543 71
1710928168842 8.894305229187012 72
1710928169115 8.88542366027832 73
1710928169398 8.88289737701416 74
1710928169679 8.827754020690918 75
1710928169949 8.87679386138916 76
1710928170222 8.881221771240234 77
1710928170483 8.83420181274414 78
1710928170753 8.846790313720703 79
1710928172222 8.820277214050293 80
1710928172522 8.841692924499512 81
1710928172800 8.85993766784668 82
1710928173071 8.844465255737305 83
1710928173335 8.836265563964844 84
1710928173598 8.807207107543945 85
1710928173861 8.807605743408203 86
1710928174122 8.76798152923584 87
1710928174387 8.799104690551758 88
1710928174659 8.8018217086792 89
1710928174919 8.746232986450195 90
1710928175194 8.771234512329102 91
1710928175458 8.776142120361328 92
1710928175723 8.735374450683594 93
1710928175996 8.760334014892578 94
1710928176283 8.723316192626953 95
1710928176551 8.752135276794434 96
1710928176814 8.751909255981445 97
1710928177079 8.746342658996582 98
1710928177349 8.721899032592773 99
1710928178831 8.680088996887207 100
