1710930163073 9.197196006774902 0
1710930163342 9.1988525390625 1
1710930163607 9.19412899017334 2
1710930163870 9.188735008239746 3
1710930164133 9.180999755859375 4
1710930164393 9.188277244567871 5
1710930164658 9.166194915771484 6
1710930164915 9.173303604125977 7
1710930165180 9.179115295410156 8
1710930165455 9.171256065368652 9
1710930165750 9.165891647338867 10
1710930166047 9.162949562072754 11
1710930166461 9.147130966186523 12
1710930166905 9.152548789978027 13
1710930167190 9.137420654296875 14
1710930167476 9.135716438293457 15
1710930167758 9.138739585876465 16
1710930168032 9.148969650268555 17
1710930168299 9.104856491088867 18
1710930168577 9.128669738769531 19
1710930170055 9.113993644714355 20
1710930170324 9.107287406921387 21
1710930170592 9.132394790649414 22
1710930170857 9.10633373260498 23
1710930171124 9.096528053283691 24
1710930171394 9.095271110534668 25
1710930171655 9.102513313293457 26
1710930171932 9.087958335876465 27
1710930172202 9.08994197845459 28
1710930172481 9.081104278564453 29
1710930172748 9.098597526550293 30
1710930173011 9.075430870056152 31
1710930173282 9.078758239746094 32
1710930173544 9.039804458618164 33
1710930173811 9.061339378356934 34
1710930174086 9.062117576599121 35
1710930174358 9.054950714111328 36
1710930174622 9.045828819274902 37
1710930174889 9.031587600708008 38
1710930175159 9.048900604248047 39
1710930176631 9.039878845214844 40
1710930176913 9.029850959777832 41
1710930177181 9.047224044799805 42
1710930177449 9.034832954406738 43
1710930177712 9.013388633728027 44
1710930177978 8.992024421691895 45
1710930178248 9.001505851745605 46
1710930178511 8.967885971069336 47
1710930178777 9.01906967163086 48
1710930179041 8.974953651428223 49
1710930179309 8.979277610778809 50
1710930179576 8.990315437316895 51
1710930179851 8.959149360656738 52
1710930180126 9.002791404724121 53
1710930180393 8.933076858520508 54
1710930180668 8.98828411102295 55
1710930180936 8.937360763549805 56
1710930181210 8.9734525680542 57
1710930181483 8.954051971435547 58
1710930181747 8.917803764343262 59
1710930183233 8.913206100463867 60
1710930183506 8.921834945678711 61
1710930183775 8.94139289855957 62
1710930184036 8.911062240600586 63
1710930184298 8.920218467712402 64
1710930184565 8.892577171325684 65
1710930184824 8.918596267700195 66
1710930185084 8.900001525878906 67
1710930185344 8.90574836730957 68
1710930185603 8.856473922729492 69
1710930185863 8.864768028259277 70
1710930186124 8.899599075317383 71
1710930186388 8.857048988342285 72
1710930186650 8.829638481140137 73
1710930186910 8.847317695617676 74
1710930187173 8.881607055664062 75
1710930187428 8.844775199890137 76
1710930187686 8.833277702331543 77
1710930187948 8.863654136657715 78
1710930188208 8.827548027038574 79
1710930189672 8.827262878417969 80
1710930189942 8.813597679138184 81
1710930190203 8.777057647705078 82
1710930190463 8.78562068939209 83
1710930190725 8.806036949157715 84
1710930190984 8.765717506408691 85
1710930191245 8.797054290771484 86
1710930191503 8.755142211914062 87
1710930191762 8.74563980102539 88
1710930192024 8.707012176513672 89
1710930192286 8.750449180603027 90
1710930192544 8.728531837463379 91
1710930192811 8.760062217712402 92
1710930193072 8.746517181396484 93
1710930193332 8.715024948120117 94
1710930193594 8.681488037109375 95
1710930193855 8.706199645996094 96
1710930194116 8.654670715332031 97
1710930194381 8.695792198181152 98
1710930194653 8.674717903137207 99
1710930196121 8.737325668334961 100
