1710930163075 9.197196006774902 0
1710930163344 9.1988525390625 1
1710930163609 9.19412899017334 2
1710930163872 9.188735008239746 3
1710930164135 9.180999755859375 4
1710930164395 9.188277244567871 5
1710930164659 9.166194915771484 6
1710930164917 9.173303604125977 7
1710930165181 9.179115295410156 8
1710930165457 9.171256065368652 9
1710930165751 9.165891647338867 10
1710930166049 9.162949562072754 11
1710930166462 9.147130966186523 12
1710930166907 9.152548789978027 13
1710930167191 9.137420654296875 14
1710930167478 9.135716438293457 15
1710930167760 9.138739585876465 16
1710930168034 9.148969650268555 17
1710930168301 9.104856491088867 18
1710930168579 9.128669738769531 19
1710930170057 9.113993644714355 20
1710930170325 9.107287406921387 21
1710930170593 9.132394790649414 22
1710930170859 9.10633373260498 23
1710930171125 9.096528053283691 24
1710930171396 9.095271110534668 25
1710930171657 9.102513313293457 26
1710930171934 9.087958335876465 27
1710930172204 9.08994197845459 28
1710930172483 9.081104278564453 29
1710930172749 9.098597526550293 30
1710930173013 9.075430870056152 31
1710930173283 9.078758239746094 32
1710930173545 9.039804458618164 33
1710930173813 9.061339378356934 34
1710930174088 9.062117576599121 35
1710930174359 9.054950714111328 36
1710930174624 9.045828819274902 37
1710930174891 9.031587600708008 38
1710930175161 9.048900604248047 39
1710930176633 9.039878845214844 40
1710930176915 9.029850959777832 41
1710930177183 9.047224044799805 42
1710930177450 9.034832954406738 43
1710930177714 9.013388633728027 44
1710930177979 8.992024421691895 45
1710930178250 9.001505851745605 46
1710930178513 8.967885971069336 47
1710930178779 9.01906967163086 48
1710930179043 8.974953651428223 49
1710930179310 8.979277610778809 50
1710930179578 8.990315437316895 51
1710930179852 8.959149360656738 52
1710930180128 9.002791404724121 53
1710930180395 8.933076858520508 54
1710930180670 8.98828411102295 55
1710930180938 8.937360763549805 56
1710930181212 8.9734525680542 57
1710930181485 8.954051971435547 58
1710930181749 8.917803764343262 59
1710930183235 8.913206100463867 60
1710930183507 8.921834945678711 61
1710930183776 8.94139289855957 62
1710930184037 8.911062240600586 63
1710930184300 8.920218467712402 64
1710930184567 8.892577171325684 65
1710930184826 8.918596267700195 66
1710930185086 8.900001525878906 67
1710930185346 8.90574836730957 68
1710930185604 8.856473922729492 69
1710930185865 8.864768028259277 70
1710930186126 8.899599075317383 71
1710930186390 8.857048988342285 72
1710930186651 8.829638481140137 73
1710930186911 8.847317695617676 74
1710930187175 8.881607055664062 75
1710930187430 8.844775199890137 76
1710930187688 8.833277702331543 77
1710930187950 8.863654136657715 78
1710930188210 8.827548027038574 79
1710930189674 8.827262878417969 80
1710930189943 8.813597679138184 81
1710930190204 8.777057647705078 82
1710930190465 8.78562068939209 83
1710930190726 8.806036949157715 84
1710930190986 8.765717506408691 85
1710930191247 8.797054290771484 86
1710930191504 8.755142211914062 87
1710930191764 8.74563980102539 88
1710930192026 8.707012176513672 89
1710930192288 8.750449180603027 90
1710930192546 8.728531837463379 91
1710930192813 8.760062217712402 92
1710930193073 8.746517181396484 93
1710930193334 8.715024948120117 94
1710930193596 8.681488037109375 95
1710930193857 8.706199645996094 96
1710930194118 8.654670715332031 97
1710930194383 8.695792198181152 98
1710930194655 8.674717903137207 99
1710930196122 8.737325668334961 100
