1710930161512 0.0 0
1710930163589 0.0020279999999957 1
1710930165723 0.0024750000000040018 2
1710930167739 0.9281019999999671 3
1710930169751 1.6672419999999875 4
1710930171910 1.6677339999999958 5
1710930174067 1.6683859999999413 6
1710930176078 1.6693159999999807 7
1710930178226 1.6704330000000027 8
1710930180375 4.070083999999952 9
1710930182387 4.0776879999999665 10
1710930184544 4.079796999999985 11
1710930186631 4.080296999999973 12
1710930188657 4.080673999999931 13
1710930190708 4.081384999999955 14
1710930192794 6.026550999999927 15
1710930194902 6.029596999999967 16
1710930196914 6.030522999999903 17
