1710930161512 0.0 0
1710930163589 0.0009249999999987324 1
1710930165723 0.0010620000000010066 2
1710930167739 0.007625999999998356 3
1710930169751 0.045996999999999844 4
1710930171910 0.05025699999999844 5
1710930174067 0.05174699999999888 6
1710930176078 0.05215899999999962 7
1710930178226 0.052468999999998545 8
1710930180375 0.07825899999999919 9
1710930182387 0.09073499999999868 10
1710930184544 0.09276600000000101 11
1710930186631 0.09304200000000051 12
1710930188657 0.09308400000000105 13
1710930190708 0.0932530000000007 14
1710930192794 0.10933199999999843 15
1710930194902 0.11086999999999847 16
1710930196914 0.11137499999999889 17
