1710929976095 0.0 0
1710929978248 0.0005039999999993938 1
1710929980324 0.0029430000000019163 2
1710929982349 0.003515000000000157 3
1710929984360 0.004811000000000121 4
1710929986374 0.0050130000000017105 5
1710929988406 0.006014000000000408 6
1710929990549 0.03499400000000108 7
1710929992664 0.03712799999999916 8
1710929994686 0.037859000000000975 9
1710929996818 0.05056899999999942 10
1710929998941 0.051899999999999835 11
1710930001190 0.0687439999999988 12
1710930003254 0.07222200000000001 13
1710930005268 0.08020400000000194 14
1710930007296 0.08398100000000142 15
1710930009484 0.084067000000001 16
1710930011657 0.08449099999999987 17
1710930013672 0.08449099999999987 18
