1710929976095 0.0 0
1710929978248 0.0005959999999731735 1
1710929980324 0.00257699999997385 2
1710929982349 0.003781000000003587 3
1710929984360 0.0061539999999240536 4
1710929986374 0.006746000000021013 5
1710929988406 0.09439599999996062 6
1710929990549 0.12194199999999 7
1710929992664 0.12419499999998607 8
1710929994686 0.1251599999999371 9
1710929996818 0.13751000000002023 10
1710929998941 0.13927799999999024 11
1710930001190 0.14742599999999584 12
1710930003254 0.15071499999999105 13
1710930005268 0.1570289999999659 14
1710930007296 0.16003299999999854 15
1710930009484 0.1606899999999314 16
1710930011657 0.1617309999999179 17
1710930013672 0.1621709999999439 18
