1710929977705 9.201910972595215 0
1710929977990 9.186318397521973 1
1710929978280 9.194315910339355 2
1710929978562 9.190071105957031 3
1710929978839 9.185011863708496 4
1710929979114 9.183097839355469 5
1710929979390 9.163554191589355 6
1710929979658 9.162535667419434 7
1710929979998 9.161044120788574 8
1710929980350 9.163753509521484 9
1710929980669 9.169088363647461 10
1710929980948 9.159965515136719 11
1710929981218 9.145263671875 12
1710929981513 9.158305168151855 13
1710929981816 9.1425142288208 14
1710929982091 9.152899742126465 15
1710929982369 9.134627342224121 16
1710929982648 9.13377857208252 17
1710929982929 9.127166748046875 18
1710929983196 9.136734962463379 19
1710929984685 9.126948356628418 20
1710929984972 9.121298789978027 21
1710929985259 9.126394271850586 22
1710929985544 9.13137149810791 23
1710929985820 9.103828430175781 24
1710929986101 9.117268562316895 25
1710929986395 9.095081329345703 26
1710929986676 9.122583389282227 27
1710929986963 9.111663818359375 28
1710929987279 9.086668014526367 29
1710929987559 9.097528457641602 30
1710929987851 9.08156681060791 31
1710929988140 9.084943771362305 32
1710929988428 9.085122108459473 33
1710929988709 9.091103553771973 34
1710929988985 9.062313079833984 35
1710929989259 9.047849655151367 36
1710929989539 9.055383682250977 37
1710929989809 9.054692268371582 38
1710929990078 9.045491218566895 39
1710929991567 9.03408145904541 40
1710929991837 9.051905632019043 41
1710929992111 9.046815872192383 42
1710929992400 9.038476943969727 43
1710929992686 9.040483474731445 44
1710929992966 9.029646873474121 45
1710929993296 9.015718460083008 46
1710929993578 9.012025833129883 47
1710929993844 9.032824516296387 48
1710929994101 9.012532234191895 49
1710929994371 8.995052337646484 50
1710929994633 9.008727073669434 51
1710929994907 8.998091697692871 52
1710929995191 8.984028816223145 53
1710929995554 8.986493110656738 54
1710929995917 8.965897560119629 55
1710929996252 8.957491874694824 56
1710929996550 8.947443008422852 57
1710929996839 8.986005783081055 58
1710929997105 8.97175407409668 59
1710929998604 8.965091705322266 60
1710929998965 8.937579154968262 61
1710929999342 8.909616470336914 62
1710929999637 8.90272045135498 63
1710929999908 8.93027114868164 64
1710930000187 8.91557502746582 65
1710930000477 8.932799339294434 66
1710930000848 8.933111190795898 67
1710930001217 8.888398170471191 68
1710930001573 8.882075309753418 69
1710930001909 8.917939186096191 70
1710930002198 8.936094284057617 71
1710930002471 8.903514862060547 72
1710930002741 8.874764442443848 73
1710930003001 8.8501615524292 74
1710930003283 8.871259689331055 75
1710930003550 8.865157127380371 76
1710930003817 8.873934745788574 77
1710930004089 8.840370178222656 78
1710930004358 8.860467910766602 79
1710930005845 8.835326194763184 80
1710930006126 8.81539535522461 81
1710930006393 8.891027450561523 82
1710930006662 8.801652908325195 83
1710930006943 8.804021835327148 84
1710930007248 8.821784973144531 85
1710930007569 8.812464714050293 86
1710930007856 8.836413383483887 87
1710930008130 8.783792495727539 88
1710930008405 8.783287048339844 89
1710930008678 8.753039360046387 90
1710930008954 8.769484519958496 91
1710930009232 8.740382194519043 92
1710930009505 8.762650489807129 93
1710930009794 8.819950103759766 94
1710930010074 8.756306648254395 95
1710930010357 8.708760261535645 96
1710930010633 8.754188537597656 97
1710930010905 8.681953430175781 98
1710930011181 8.695034980773926 99
1710930012677 8.67911434173584 100
